MATRIX
2147483647 858 88 845 210 295 861 172 725 682 519 974 386 516 182 949 265 
858 2147483647 432 682 282 626 691 376 656 963 885 640 200 516 830 304 911 
88 432 2147483647 459 100 757 177 13 206 883 790 513 381 349 582 895 601 
845 682 459 2147483647 602 997 676 367 634 893 759 559 582 139 925 767 724 
210 282 100 602 2147483647 133 178 483 399 337 566 634 798 477 563 899 377 
295 626 757 997 133 2147483647 629 235 253 147 291 739 601 135 795 453 848 
861 691 177 676 178 629 2147483647 917 126 568 647 44 16 562 794 578 536 
172 376 13 367 483 235 917 2147483647 196 95 434 87 101 975 654 82 82 
725 656 206 634 399 253 126 196 2147483647 778 8 480 93 25 398 950 101 
682 963 883 893 337 147 568 95 778 2147483647 843 309 446 813 129 968 658 
519 885 790 759 566 291 647 434 8 843 2147483647 972 808 831 216 173 445 
974 640 513 559 634 739 44 87 480 309 972 2147483647 664 558 203 180 464 
386 200 381 582 798 601 16 101 93 446 808 664 2147483647 217 431 951 168 
516 516 349 139 477 135 562 975 25 813 831 558 217 2147483647 141 931 343 
182 830 582 925 563 795 794 654 398 129 216 203 431 141 2147483647 641 515 
949 304 895 767 899 453 578 82 950 968 173 180 951 931 641 2147483647 989 
265 911 601 724 377 848 536 82 101 658 445 464 168 343 515 989 2147483647 
